  1200.000000  0.4420151893  2.8323739044e+03
  1258.000000  0.4641244325  4.0207072591e+03
  1317.000000  0.4824445272  5.5932590487e+03
  1376.000000  0.4970618809  7.6012629156e+03
  1435.000000  0.5084804985  1.0118727516e+04
  1494.000000  0.5171713998  1.3224254423e+04
  1552.000000  0.5234666006  1.6930540167e+04
  1611.000000  0.5279489746  2.1450645227e+04
  1670.000000  0.5308114166  2.6816375384e+04
  1729.000000  0.5323262330  3.3120489706e+04
  1788.000000  0.5327234761  4.0458359650e+04
  1847.000000  0.5321965491  4.8927638080e+04
  1905.000000  0.5309349748  5.8452728796e+04
  1964.000000  0.5290291921  6.9461962602e+04
  2023.000000  0.5266086923  8.1904545329e+04
  2082.000000  0.5237686493  9.5884392283e+04
  2141.000000  0.5205887103  1.1150638510e+05
  2200.000000  0.5171355929  1.2887616375e+05
