  0.000000  7  0.180000  0.120000  1200.000000  4.5029826047e-01  6.0362866591e+03
  0.000000  8  0.180000  0.120000  1200.000000  2.8849042977e-01  2.5571542059e+03
  0.000000  9  0.180000  0.120000  1200.000000  4.1239306076e-01  4.8203752339e+03
  0.000000  7  0.180000  0.130000  1200.000000  4.4009280844e-01  5.9467265320e+03
  0.000000  8  0.180000  0.130000  1200.000000  2.8624852998e-01  2.5088687547e+03
  0.000000  9  0.180000  0.130000  1200.000000  4.3058157794e-01  5.1636427406e+03
  0.000000  7  0.180000  0.140000  1200.000000  4.2905346851e-01  5.8280693915e+03
  0.000000  8  0.180000  0.140000  1200.000000  2.8519557488e-01  2.4723087294e+03
  0.000000  9  0.180000  0.140000  1200.000000  4.4850634592e-01  5.4984135917e+03
  0.000000  7  0.195000  0.120000  1200.000000  4.4145817728e-01  5.8757217200e+03
  0.000000  8  0.195000  0.120000  1200.000000  2.9486370608e-01  2.5421640867e+03
  0.000000  9  0.195000  0.120000  1200.000000  4.2944194454e-01  5.0621297310e+03
  0.000000  7  0.195000  0.130000  1200.000000  4.3192568666e-01  5.8014661763e+03
  0.000000  8  0.195000  0.130000  1200.000000  2.9398066787e-01  2.5059540309e+03
  0.000000  9  0.195000  0.130000  1200.000000  4.4713102791e-01  5.4066046810e+03
  0.000000  7  0.195000  0.140000  1200.000000  4.2181071246e-01  5.7023331219e+03
  0.000000  8  0.195000  0.140000  1200.000000  2.9409694752e-01  2.4796089955e+03
  0.000000  9  0.195000  0.140000  1200.000000  4.6424339729e-01  5.7328700449e+03
  0.000000  7  0.210000  0.120000  1200.000000  4.3321816673e-01  5.7273119021e+03
  0.000000  8  0.210000  0.120000  1200.000000  3.0393264301e-01  2.5578570338e+03
  0.000000  9  0.210000  0.120000  1200.000000  4.4540342712e-01  5.2897805696e+03
  0.000000  7  0.210000  0.130000  1200.000000  4.2458162364e-01  5.6715639666e+03
  0.000000  8  0.210000  0.130000  1200.000000  3.0398601497e-01  2.5290770380e+03
  0.000000  9  0.210000  0.130000  1200.000000  4.6237470310e-01  5.6295967585e+03
  0.000000  7  0.210000  0.140000  1200.000000  4.1556770752e-01  5.5942259711e+03
  0.000000  8  0.210000  0.140000  1200.000000  3.0487461441e-01  2.5087094135e+03
  0.000000  9  0.210000  0.140000  1200.000000  4.7855034411e-01  5.9433478237e+03
  0.050000  7  0.180000  0.120000  1200.000000  4.4582573050e-01  5.9998949189e+03
  0.050000  8  0.180000  0.120000  1200.000000  2.9432179920e-01  2.6547080465e+03
  0.050000  9  0.180000  0.120000  1200.000000  4.1779683309e-01  4.9489025293e+03
  0.050000  7  0.180000  0.130000  1200.000000  4.3551935191e-01  5.9058931193e+03
  0.050000  8  0.180000  0.130000  1200.000000  2.9313891402e-01  2.6185784086e+03
  0.050000  9  0.180000  0.130000  1200.000000  4.3565281454e-01  5.2915975580e+03
  0.050000  7  0.180000  0.140000  1200.000000  4.2458169344e-01  5.7875567851e+03
  0.050000  8  0.180000  0.140000  1200.000000  2.9307788432e-01  2.5933703776e+03
  0.050000  9  0.180000  0.140000  1200.000000  4.5313460264e-01  5.6228308977e+03
  0.050000  7  0.195000  0.120000  1200.000000  4.3694761444e-01  5.8361319160e+03
  0.050000  8  0.195000  0.120000  1200.000000  3.0246724236e-01  2.6619343666e+03
  0.050000  9  0.195000  0.120000  1200.000000  4.3470703055e-01  5.1913713786e+03
  0.050000  7  0.195000  0.130000  1200.000000  4.2747584807e-01  5.7609597380e+03
  0.050000  8  0.195000  0.130000  1200.000000  3.0256759698e-01  2.6369055466e+03
  0.050000  9  0.195000  0.130000  1200.000000  4.5192565240e-01  5.5318808513e+03
  0.050000  7  0.195000  0.140000  1200.000000  4.1761400538e-01  5.6653122332e+03
  0.050000  8  0.195000  0.140000  1200.000000  3.0357890984e-01  2.6206873592e+03
  0.050000  9  0.195000  0.140000  1200.000000  4.6850557198e-01  5.8522124701e+03
  0.050000  7  0.210000  0.120000  1200.000000  4.2879995900e-01  5.6872026099e+03
  0.050000  8  0.210000  0.120000  1200.000000  3.1307362825e-01  2.6973030916e+03
  0.050000  9  0.210000  0.120000  1200.000000  4.5038370047e-01  5.4154366896e+03
  0.050000  7  0.210000  0.130000  1200.000000  4.2037320514e-01  5.6336662972e+03
  0.050000  8  0.210000  0.130000  1200.000000  3.1399688979e-01  2.6782145545e+03
  0.050000  9  0.210000  0.130000  1200.000000  4.6678572590e-01  5.7485923966e+03
  0.050000  7  0.210000  0.140000  1200.000000  4.1174507134e-01  5.5625308631e+03
  0.050000  8  0.210000  0.140000  1200.000000  3.1564963539e-01  2.6662708085e+03
  0.050000  9  0.210000  0.140000  1200.000000  4.8237180688e-01  6.0548967706e+03
  0.100000  7  0.180000  0.120000  1200.000000  4.4092092907e-01  5.9647277145e+03
  0.100000  8  0.180000  0.120000  1200.000000  3.0097894919e-01  2.7715965235e+03
  0.100000  9  0.180000  0.120000  1200.000000  4.2396006648e-01  5.1013570320e+03
  0.100000  7  0.180000  0.130000  1200.000000  4.3050918987e-01  5.8651890157e+03
  0.100000  8  0.180000  0.130000  1200.000000  3.0099718858e-01  2.7502749623e+03
  0.100000  9  0.180000  0.130000  1200.000000  4.4145916796e-01  5.4435756763e+03
  0.100000  7  0.180000  0.140000  1200.000000  4.1969037170e-01  5.7466675069e+03
  0.100000  8  0.180000  0.140000  1200.000000  3.0206242516e-01  2.7390065899e+03
  0.100000  9  0.180000  0.140000  1200.000000  4.5845448057e-01  5.7707834328e+03
  0.100000  7  0.195000  0.120000  1200.000000  4.3201111408e-01  5.7970580912e+03
  0.100000  8  0.195000  0.120000  1200.000000  3.1111530729e-01  2.8057776984e+03
  0.100000  9  0.195000  0.120000  1200.000000  4.4074429272e-01  5.3453698449e+03
  0.100000  7  0.195000  0.130000  1200.000000  4.2260893797e-01  5.7202399464e+03
  0.100000  8  0.195000  0.130000  1200.000000  3.1233154488e-01  2.7945608435e+03
  0.100000  9  0.195000  0.130000  1200.000000  4.5744567014e-01  5.6812855250e+03
  0.100000  7  0.195000  0.140000  1200.000000  4.1302880780e-01  5.6279098247e+03
  0.100000  8  0.195000  0.140000  1200.000000  3.1435856982e-01  2.7909318044e+03
  0.100000  9  0.195000  0.140000  1200.000000  4.7343019364e-01  5.9945820411e+03
  0.100000  7  0.210000  0.120000  1200.000000  4.2397134913e-01  5.6471466489e+03
  0.100000  8  0.210000  0.120000  1200.000000  3.2344678175e-01  2.8653034100e+03
  0.100000  9  0.210000  0.120000  1200.000000  4.5612889868e-01  5.5658986677e+03
  0.100000  7  0.210000  0.130000  1200.000000  4.1577455897e-01  5.5954245593e+03
  0.100000  8  0.210000  0.130000  1200.000000  3.2535652293e-01  2.8583187329e+03
  0.100000  9  0.210000  0.130000  1200.000000  4.7189419349e-01  5.8911130261e+03
  0.100000  7  0.210000  0.140000  1200.000000  4.0757030597e-01  5.5306310300e+03
  0.100000  8  0.210000  0.140000  1200.000000  3.2787586511e-01  2.8569514328e+03
  0.100000  9  0.210000  0.140000  1200.000000  4.8681023155e-01  6.1883694364e+03
  0.000000  7  0.180000  0.120000  1258.823529  4.7066540191e-01  8.4868174280e+03
  0.000000  8  0.180000  0.120000  1258.823529  3.1606355692e-01  3.6427708128e+03
  0.000000  9  0.180000  0.120000  1258.823529  4.3946164034e-01  6.9821418973e+03
  0.000000  7  0.180000  0.130000  1258.823529  4.6095695937e-01  8.3590093709e+03
  0.000000  8  0.180000  0.130000  1258.823529  3.1414973398e-01  3.5790398117e+03
  0.000000  9  0.180000  0.130000  1258.823529  4.5683452199e-01  7.4563560455e+03
  0.000000  7  0.180000  0.140000  1258.823529  4.5044348832e-01  8.1919325733e+03
  0.000000  8  0.180000  0.140000  1258.823529  3.1343304215e-01  3.5318625865e+03
  0.000000  9  0.180000  0.140000  1258.823529  4.7383298782e-01  7.9088820755e+03
  0.000000  7  0.195000  0.120000  1258.823529  4.6229743286e-01  8.2717450924e+03
  0.000000  8  0.195000  0.120000  1258.823529  3.2313016968e-01  3.6309032040e+03
  0.000000  9  0.195000  0.120000  1258.823529  4.5556856238e-01  7.3165737875e+03
  0.000000  7  0.195000  0.130000  1258.823529  4.5324883023e-01  8.1674613882e+03
  0.000000  8  0.195000  0.130000  1258.823529  3.2254171601e-01  3.5830120512e+03
  0.000000  9  0.195000  0.130000  1258.823529  4.7234291706e-01  7.7874565206e+03
  0.000000  7  0.195000  0.140000  1258.823529  4.4364228300e-01  8.0291506022e+03
  0.000000  8  0.195000  0.140000  1258.823529  3.2295159579e-01  3.5491340353e+03
  0.000000  9  0.195000  0.140000  1258.823529  4.8848095960e-01  8.2233350925e+03
  0.000000  7  0.210000  0.120000  1258.823529  4.5452853080e-01  8.0749625560e+03
  0.000000  8  0.210000  0.120000  1258.823529  3.3274066831e-01  3.6600015251e+03
  0.000000  9  0.210000  0.120000  1258.823529  4.7052100236e-01  7.6272415968e+03
  0.000000  7  0.210000  0.130000  1258.823529  4.4635878894e-01  7.9981420063e+03
  0.000000  8  0.210000  0.130000  1258.823529  3.3304103041e-01  3.6216293848e+03
  0.000000  9  0.210000  0.130000  1258.823529  4.8652411538e-01  8.0872259211e+03
  0.000000  7  0.210000  0.140000  1258.823529  4.3783162767e-01  7.8912549942e+03
  0.000000  8  0.210000  0.140000  1258.823529  3.3416849892e-01  3.5953131296e+03
  0.000000  9  0.210000  0.140000  1258.823529  5.0171240413e-01  8.5016724092e+03
  0.050000  7  0.180000  0.120000  1258.823529  4.6637522876e-01  8.4369417892e+03
  0.050000  8  0.180000  0.120000  1258.823529  3.2225593228e-01  3.7909608887e+03
  0.050000  9  0.180000  0.120000  1258.823529  4.4454144100e-01  7.1633480848e+03
  0.050000  7  0.180000  0.130000  1258.823529  4.5656920215e-01  8.3050171471e+03
  0.050000  8  0.180000  0.130000  1258.823529  3.2140836933e-01  3.7440213324e+03
  0.050000  9  0.180000  0.130000  1258.823529  4.6154826095e-01  7.6358507816e+03
  0.050000  7  0.180000  0.140000  1258.823529  4.4615748100e-01  8.1403321653e+03
  0.050000  8  0.180000  0.140000  1258.823529  3.2167897559e-01  3.7123617596e+03
  0.050000  9  0.180000  0.140000  1258.823529  4.7808844100e-01  8.0828406467e+03
  0.050000  7  0.195000  0.120000  1258.823529  4.5797848179e-01  8.2187154811e+03
  0.050000  8  0.195000  0.120000  1258.823529  3.3104595237e-01  3.8095065908e+03
  0.050000  9  0.195000  0.120000  1258.823529  4.6047258505e-01  7.4972283475e+03
  0.050000  7  0.195000  0.130000  1258.823529  4.4899208775e-01  8.1150901362e+03
  0.050000  8  0.195000  0.130000  1258.823529  3.3142968395e-01  3.7768014217e+03
  0.050000  9  0.195000  0.130000  1258.823529  4.7676164731e-01  7.9618926170e+03
  0.050000  7  0.195000  0.140000  1258.823529  4.3963712200e-01  7.9834090691e+03
  0.050000  8  0.195000  0.140000  1258.823529  3.3271207032e-01  3.7565077667e+03
  0.050000  9  0.195000  0.140000  1258.823529  4.9236706294e-01  8.3892024205e+03
  0.050000  7  0.210000  0.120000  1258.823529  4.5030907570e-01  8.0223469577e+03
  0.050000  8  0.210000  0.120000  1258.823529  3.4210424503e-01  3.8649228911e+03
  0.050000  9  0.210000  0.120000  1258.823529  4.7512308862e-01  7.8014182868e+03
  0.050000  7  0.210000  0.130000  1258.823529  4.4234873146e-01  7.9503754671e+03
  0.050000  8  0.210000  0.130000  1258.823529  3.4324791343e-01  3.8394515603e+03
  0.050000  9  0.210000  0.130000  1258.823529  4.9055830314e-01  8.2517226477e+03
  0.050000  7  0.210000  0.140000  1258.823529  4.3420391523e-01  7.8537125568e+03
  0.050000  8  0.210000  0.140000  1258.823529  3.4510337044e-01  3.8241672585e+03
  0.050000  9  0.210000  0.140000  1258.823529  5.0516886845e-01  8.6558403321e+03
  0.100000  7  0.180000  0.120000  1258.823529  4.6166739414e-01  8.3886527192e+03
  0.100000  8  0.180000  0.120000  1258.823529  3.2926988098e-01  3.9680584837e+03
  0.100000  9  0.180000  0.120000  1258.823529  4.5032695913e-01  7.3778514264e+03
  0.100000  7  0.180000  0.130000  1258.823529  4.5176062607e-01  8.2512695138e+03
  0.100000  8  0.180000  0.130000  1258.823529  3.2962069887e-01  3.9416176834e+03
  0.100000  9  0.180000  0.130000  1258.823529  4.6694047449e-01  7.8485754831e+03
  0.100000  7  0.180000  0.140000  1258.823529  4.4146886790e-01  8.0884606647e+03
  0.100000  8  0.180000  0.140000  1258.823529  3.3100192603e-01  3.9290578431e+03
  0.100000  9  0.180000  0.140000  1258.823529  4.8297792751e-01  8.2892148014e+03
  0.100000  7  0.195000  0.120000  1258.823529  4.5324918731e-01  8.1663768739e+03
  0.100000  8  0.195000  0.120000  1258.823529  3.3997834214e-01  4.0235718974e+03
  0.100000  9  0.195000  0.120000  1258.823529  4.6609107236e-01  7.7120783919e+03
  0.100000  7  0.195000  0.130000  1258.823529  4.4433515882e-01  8.0625731148e+03
  0.100000  8  0.195000  0.130000  1258.823529  3.4145508284e-01  4.0096728325e+03
  0.100000  9  0.195000  0.130000  1258.823529  4.8184728840e-01  8.1694800414e+03
  0.100000  7  0.195000  0.140000  1258.823529  4.3526134064e-01  7.9374725924e+03
  0.100000  8  0.195000  0.140000  1258.823529  3.4371884461e-01  4.0063162603e+03
  0.100000  9  0.195000  0.140000  1258.823529  4.9685804300e-01  8.5865978819e+03
  0.100000  7  0.210000  0.120000  1258.823529  4.4569571056e-01  7.9698609207e+03
  0.100000  8  0.210000  0.120000  1258.823529  3.5264763638e-01  4.1113855770e+03
  0.100000  9  0.210000  0.120000  1258.823529  4.8043050945e-01  8.0096191944e+03
  0.100000  7  0.210000  0.130000  1258.823529  4.3796616198e-01  7.9023599362e+03
  0.100000  8  0.210000  0.130000  1258.823529  3.5473961486e-01  4.1020782184e+03
  0.100000  9  0.210000  0.130000  1258.823529  4.9523149359e-01  8.4483353924e+03
  0.100000  7  0.210000  0.140000  1258.823529  4.3024257175e-01  7.8162954659e+03
  0.100000  8  0.210000  0.140000  1258.823529  3.5741456664e-01  4.1006997642e+03
  0.100000  9  0.210000  0.140000  1258.823529  5.0918643868e-01  8.8398580905e+03
  0.000000  7  0.180000  0.120000  1317.647059  4.8752912936e-01  1.1633306245e+04
  0.000000  8  0.180000  0.120000  1317.647059  3.4122948690e-01  5.0575407872e+03
  0.000000  9  0.180000  0.120000  1317.647059  4.6177742890e-01  9.8295446711e+03
  0.000000  7  0.180000  0.130000  1317.647059  4.7838208428e-01  1.1456180316e+04
  0.000000  8  0.180000  0.130000  1317.647059  3.3962593993e-01  4.9756091399e+03
  0.000000  9  0.180000  0.130000  1317.647059  4.7827462970e-01  1.0463723923e+04
  0.000000  7  0.180000  0.140000  1317.647059  4.6846405674e-01  1.1227221374e+04
  0.000000  8  0.180000  0.140000  1317.647059  3.3920630947e-01  4.9164839470e+03
  0.000000  9  0.180000  0.140000  1317.647059  4.9434521057e-01  1.1055973725e+04
  0.000000  7  0.195000  0.120000  1317.647059  4.7963658025e-01  1.1353358711e+04
  0.000000  8  0.195000  0.120000  1317.647059  3.4876089499e-01  5.0528708636e+03
  0.000000  9  0.195000  0.120000  1317.647059  4.7687263425e-01  1.0278106498e+04
  0.000000  7  0.195000  0.130000  1317.647059  4.7113318336e-01  1.1210744470e+04
  0.000000  8  0.195000  0.130000  1317.647059  3.4842756471e-01  4.9912294902e+03
  0.000000  9  0.195000  0.130000  1317.647059  4.9272689917e-01  1.0901487183e+04
  0.000000  7  0.195000  0.140000  1317.647059  4.6209994314e-01  1.1022565183e+04
  0.000000  8  0.195000  0.140000  1317.647059  3.4907294132e-01  4.9490180559e+03
  0.000000  9  0.195000  0.140000  1317.647059  5.0793293584e-01  1.1465337855e+04
  0.000000  7  0.210000  0.120000  1317.647059  4.7233887169e-01  1.1099745834e+04
  0.000000  8  0.210000  0.120000  1317.647059  3.5864457919e-01  5.1016599831e+03
  0.000000  9  0.210000  0.120000  1317.647059  4.9079932222e-01  1.0689390881e+04
  0.000000  7  0.210000  0.130000  1317.647059  4.6469225838e-01  1.0996295420e+04
  0.000000  8  0.210000  0.130000  1317.647059  3.5913838035e-01  5.0519602923e+03
  0.000000  9  0.210000  0.130000  1317.647059  5.0587276574e-01  1.1292586151e+04
  0.000000  7  0.210000  0.140000  1317.647059  4.5671025885e-01  1.0851845744e+04
  0.000000  8  0.210000  0.140000  1317.647059  3.6043544379e-01  5.0191183328e+03
  0.000000  9  0.210000  0.140000  1317.647059  5.2014892123e-01  1.1822639406e+04
  0.050000  7  0.180000  0.120000  1317.647059  4.8343600215e-01  1.1567443980e+04
  0.050000  8  0.180000  0.120000  1317.647059  3.4762438989e-01  5.2748193633e+03
  0.050000  9  0.180000  0.120000  1317.647059  4.6650538385e-01  1.0077943591e+04
  0.050000  7  0.180000  0.130000  1317.647059  4.7419204023e-01  1.1387436545e+04
  0.050000  8  0.180000  0.130000  1317.647059  3.4707471082e-01  5.2153432042e+03
  0.050000  9  0.180000  0.130000  1317.647059  4.8261780808e-01  1.0708854282e+04
  0.050000  7  0.180000  0.140000  1317.647059  4.6437239591e-01  1.1164230772e+04
  0.050000  8  0.180000  0.140000  1317.647059  3.4761968767e-01  5.1767474187e+03
  0.050000  9  0.180000  0.140000  1317.647059  4.9822622614e-01  1.1293052027e+04
  0.050000  7  0.195000  0.120000  1317.647059  4.7552285055e-01  1.1284857670e+04
  0.050000  8  0.195000  0.120000  1317.647059  3.5680172533e-01  5.3104066781e+03
  0.050000  9  0.195000  0.120000  1317.647059  4.8140527836e-01  1.0523831519e+04
  0.050000  7  0.195000  0.130000  1317.647059  4.6707946436e-01  1.1145642532e+04
  0.050000  8  0.195000  0.130000  1317.647059  3.5741294625e-01  5.2687317405e+03
  0.050000  9  0.195000  0.130000  1317.647059  4.9677146412e-01  1.1138135321e+04
  0.050000  7  0.195000  0.140000  1317.647059  4.5829165533e-01  1.0968725498e+04
  0.050000  8  0.195000  0.140000  1317.647059  3.5889429301e-01  5.2441517121e+03
  0.050000  9  0.195000  0.140000  1317.647059  5.1145311407e-01  1.1690212158e+04
  0.050000  7  0.210000  0.120000  1317.647059  4.6832989313e-01  1.1033217529e+04
  0.050000  8  0.210000  0.120000  1317.647059  3.6802642623e-01  5.3932019186e+03
  0.050000  9  0.210000  0.120000  1317.647059  4.9502778140e-01  1.0924512476e+04
  0.050000  7  0.210000  0.130000  1317.647059  4.6088753937e-01  1.0938613725e+04
  0.050000  8  0.210000  0.130000  1317.647059  3.6932492564e-01  5.3601217104e+03
  0.050000  9  0.210000  0.130000  1317.647059  5.0954358504e-01  1.1514313996e+04
  0.050000  7  0.210000  0.140000  1317.647059  4.5327875497e-01  1.0810036997e+04
  0.050000  8  0.210000  0.140000  1317.647059  3.7130470257e-01  5.3412462919e+03
  0.050000  9  0.210000  0.140000  1317.647059  5.2325944347e-01  1.2030633382e+04
  0.100000  7  0.180000  0.120000  1317.647059  4.7894448970e-01  1.1503613113e+04
  0.100000  8  0.180000  0.120000  1317.647059  3.5481457263e-01  5.5338698471e+03
  0.100000  9  0.180000  0.120000  1317.647059  4.7188749569e-01  1.0371367446e+04
  0.100000  7  0.180000  0.130000  1317.647059  4.6960122306e-01  1.1319151288e+04
  0.100000  8  0.180000  0.130000  1317.647059  3.5543942793e-01  5.5018696138e+03
  0.100000  9  0.180000  0.130000  1317.647059  4.8758623213e-01  1.0998697130e+04
  0.100000  7  0.180000  0.140000  1317.647059  4.5989851260e-01  1.1101252321e+04
  0.100000  8  0.180000  0.140000  1317.647059  3.5706057922e-01  5.4886087005e+03
  0.100000  9  0.180000  0.140000  1317.647059  5.0268791405e-01  1.1573608081e+04
  0.100000  7  0.195000  0.120000  1317.647059  4.7101876412e-01  1.1217292015e+04
  0.100000  8  0.195000  0.120000  1317.647059  3.6580949159e-01  5.6184947862e+03
  0.100000  9  0.195000  0.120000  1317.647059  4.8659839455e-01  1.0815486791e+04
  0.100000  7  0.195000  0.130000  1317.647059  4.6264613507e-01  1.1080581776e+04
  0.100000  8  0.195000  0.130000  1317.647059  3.6747425415e-01  5.6016161443e+03
  0.100000  9  0.195000  0.130000  1317.647059  5.0142903554e-01  1.1419122623e+04
  0.100000  7  0.195000  0.140000  1317.647059  4.5413340594e-01  1.0915106410e+04
  0.100000  8  0.195000  0.140000  1317.647059  3.6988914581e-01  5.5990941773e+03
  0.100000  9  0.195000  0.140000  1317.647059  5.1552568393e-01  1.1957153363e+04
  0.100000  7  0.210000  0.120000  1317.647059  4.6394746787e-01  1.0966970775e+04
  0.100000  8  0.210000  0.120000  1317.647059  3.7851707125e-01  5.7432864183e+03
  0.100000  9  0.210000  0.120000  1317.647059  4.9990681835e-01  1.1205047770e+04
  0.100000  7  0.210000  0.130000  1317.647059  4.5673111652e-01  1.0880933899e+04
  0.100000  8  0.210000  0.130000  1317.647059  3.8071457608e-01  5.7311073350e+03
  0.100000  9  0.210000  0.130000  1317.647059  5.1380034206e-01  1.1778751993e+04
  0.100000  7  0.210000  0.140000  1317.647059  4.4953415973e-01  1.0768975307e+04
  0.100000  8  0.210000  0.140000  1317.647059  3.8345901786e-01  5.7299197328e+03
  0.100000  9  0.210000  0.140000  1317.647059  5.2688084823e-01  1.2278259586e+04
